6297994.0  38.4076  39.161  12.718
6067294.0  38.2  38.6762  10.0
6039503.0  38.0832  36.7631  10.0
5949208.0  37.6037  37.1654  10.0
5905187.0  37.9156  36.2978  2.813
5746166.0  38.1347  38.5601  10.0
5562795.0  39.4352  44.5058  10.0
5554808.0  37.897  36.4435  10.0
5520455.0  37.4535  37.1254  15.554
5267350.0  38.1056  36.8693  5.63
5209924.0  39.076  40.4393  10.0
5096410.0  37.6604  35.4674  10.149
4952240.0  37.19  30.4516  10.0
4879601.0  38.0591  37.7701  10.0
4872922.0  38.0365  37.7611  10.0
4847295.0  37.9347  36.2862  5.0
4706598.0  36.0466  35.9161  10.0
4706222.0  36.0662  35.8128  10.0
4613963.0  36.9811  36.661  10.143
4480008.0  37.786  36.5257  10.0
4474263.0  37.3405  36.8426  3.865
4462168.0  37.9287  36.2781  3.848
4452065.0  38.2368  38.0593  5.513
4354662.0  37.6759  36.3106  16.767
4281462.0  38.0816  36.5466  8.93
4079766.0  37.9067  36.189  10.0
4072919.0  38.0653  37.0658  5.0
4017181.0  37.9624  37.5237  12.756
3981563.0  38.4455  44.8343  17.031
3972139.0  37.9593  36.3728  10.0
3919643.0  38.0186  36.4699  10.0
3916939.0  38.0089  36.433  10.0
3904068.0  37.8867  36.6199  7.606
3867951.0  38.0772  38.0427  10.0
3680582.0  37.3664  36.7383  10.0
3659973.0  38.0518  37.1955  10.0
3584351.0  38.0182  36.4817  9.438
3584210.0  38.0441  36.4908  9.74
3485611.0  37.1129  36.3047  7.423
3485277.0  37.8325  36.3765  2.786
3470215.0  38.0124  36.4342  7.446
3371019.0  38.0284  36.5976  5.0
3350499.0  36.2558  34.3695  10.0
3320980.0  38.4941  45.0629  10.0
3204742.0  37.1468  36.3894  12.301
3159135.0  37.7866  37.3903  10.0
3130200.0  38.0681  36.9544  3.289
3114618.0  38.1074  38.5417  8.714
3027940.0  36.8216  36.5749  8.342
3027379.0  38.1186  38.6785  10.0
3025016.0  38.1188  38.6904  5.474
2978028.0  37.9391  36.329  10.0
2917062.0  36.9506  35.7349  3.736
2888076.0  38.0803  38.5901  9.859
2788860.0  37.9912  37.4971  8.969
2769041.0  38.6673  35.3344  5.0
2758603.0  38.0645  38.4618  5.369
2741874.0  38.056  38.4539  10.0
2552447.0  38.8412  37.3634  10.0
2543764.0  38.7072  35.3412  3.922
2543393.0  38.6357  35.2785  5.0
2535758.0  37.6831  36.6319  11.332
2494643.0  36.1589  36.0428  10.0
2461551.0  38.197  37.2109  14.422
2454322.0  36.2202  36.0072  10.0
2444204.0  36.1163  36.1532  20.681
2435614.0  37.9394  37.9123  5.035
2422708.0  36.1816  36.0375  10.0
2403132.0  36.7867  36.1842  10.0
2261400.0  38.0299  38.2134  2.86
2165769.0  37.8395  36.7004  7.12
2117900.0  38.2315  38.1119  6.914
2042425.0  37.2659  37.0676  9.357
2008972.0  36.3216  36.1079  35.431
1997877.0  37.759  37.8849  10.0
1991148.0  37.9545  37.0096  10.0
1980876.0  37.2808  37.0318  11.969
1964050.0  37.2341  36.9788  13.264
1951145.0  38.7188  35.3963  10.0
1949503.0  37.9074  36.7308  10.0
1948940.0  37.7893  36.7056  10.0
1941881.0  37.3303  36.4278  10.645
1904486.0  38.2434  38.2911  10.0
1842437.0  38.2289  38.2828  10.0
1832534.0  37.899  37.0499  10.0
1820027.0  37.8722  37.5853  10.0
1732136.0  36.0517  36.0193  10.0
1682619.0  38.0367  37.067  6.703
1674576.0  37.9763  33.9893  10.531
1669266.0  38.3654  37.4414  5.166
1641286.0  36.0592  35.9528  10.0
1638636.0  38.991  41.1094  10.0
1624076.0  38.0934  38.7162  10.0
1612946.0  38.7865  37.3025  10.0
1601066.0  37.9736  33.9905  10.022
1571324.0  36.3086  36.0365  10.0
1521373.0  36.0589  36.095  10.0
1506250.0  38.0035  37.7419  10.0
1476328.0  37.2286  37.0909  10.0
1451914.0  38.0438  38.3872  9.136
1406361.0  38.0346  37.7793  10.0
1403530.0  38.4912  40.3086  11.864
1394549.0  38.0434  36.6529  10.0
1349354.0  36.1158  36.1459  10.0
1334298.0  38.0683  37.4259  10.0
1327923.0  37.3992  37.2692  11.07
1327152.0  38.2522  38.6518  10.0
1289020.0  38.0175  37.3695  10.0
1287559.0  35.9531  35.9447  10.0
1273906.0  36.2572  36.1266  10.0
1273360.0  36.105  35.9906  10.0
1266944.0  36.2653  36.0798  10.0
1266601.0  36.159  35.9351  10.0
1266415.0  36.1588  36.0342  16.0
1218484.0  38.6473  39.9676  6.993
1211485.0  38.0151  36.7984  4.306
1209003.0  38.6331  39.9916  5.322
1208475.0  38.6528  39.9381  13.941
1207289.0  38.6937  39.9887  10.0
1207196.0  38.6255  39.9281  10.0
1204792.0  38.2676  38.8212  10.0
1195976.0  37.3919  36.8535  10.0
1162019.0  38.2354  38.1917  5.306
1133407.0  37.2941  36.8901  11.363
1133323.0  37.2737  36.8291  10.0
1132896.0  37.1416  36.8384  9.74
1121917.0  38.0406  36.2306  6.431
1102437.0  38.0748  36.6149  11.009
1090627.0  37.9217  38.1144  9.326
1051710.0  38.073  37.1651  5.16
1014784.0  38.1344  38.151  10.032
1001824.0  38.6273  39.642  10.0
999682.0  37.9375  36.3279  6.44
947904.0  39.1868  40.1479  10.0
945350.0  37.8609  37.952  10.0
930615.0  36.1766  35.7967  10.0
919258.0  37.9197  37.5097  10.0
912488.0  38.1997  37.8377  10.0
899929.0  35.9643  35.7882  10.0
878482.0  38.0841  38.5102  15.423
858364.0  37.3595  36.8701  13.697
853703.0  38.0487  36.6395  6.273
800336.0  37.9606  36.4923  10.0
796076.0  38.0945  36.7069  10.0
773308.0  36.7937  36.5503  10.0
770187.0  38.5302  37.4908  5.0
743586.0  38.0868  37.1649  19.431
735989.0  35.3775  35.3986  10.0
734133.0  37.8316  37.9533  12.979
729400.0  36.0301  36.1183  26.181
693538.0  36.781  36.1142  10.0
669773.0  38.0051  36.42  7.437
655051.0  37.9396  36.3113  10.0
652243.0  38.0402  38.589  13.42
643303.0  36.8728  36.6318  9.15
596125.0  38.0251  36.6342  10.0
593072.0  36.0509  35.8611  10.0
590645.0  36.941  36.5031  10.0
582296.0  37.2414  37.0614  21.645
580541.0  37.3899  37.048  15.731
576643.0  38.0781  36.611  10.0
573135.0  38.8272  38.0251  10.0
565949.0  37.8149  36.7003  10.0
562300.0  37.9679  38.2961  10.0
558468.0  36.7991  36.7677  4.27
549771.0  38.1339  38.2786  16.771
548089.0  36.1158  36.3017  10.0
543396.0  38.0797  37.3193  7.67
539702.0  35.5279  35.6189  10.0
536269.0  38.1156  38.5843  8.654
531325.0  37.9055  37.4792  10.0
529900.0  37.796  38.2326  10.0
512002.0  37.9909  36.4045  10.0
508302.0  36.6889  36.5403  10.0
501690.0  37.7557  37.8675  11.351
491562.0  38.1325  38.732  2.958
489747.0  36.266  36.1398  10.0
480029.0  37.9428  36.5034  10.0
474746.0  38.8618  38.0668  12.132
473844.0  38.0902  36.6163  8.66
470539.0  37.8492  36.67  8.739
470047.0  36.4869  36.3096  5.36
467263.0  38.1233  36.6274  13.853
459962.0  38.0281  38.1329  4.448
455887.0  37.0598  36.95  4.748
450639.0  37.9814  36.5916  10.0
449329.0  37.9256  38.192  10.0
444570.0  37.8165  36.5708  10.0
440450.0  37.9489  38.4382  10.26
428829.0  36.5556  36.5606  10.0
413713.0  38.0517  38.5848  10.0
404030.0  38.1788  38.5981  4.258
402197.0  37.8724  36.2907  3.486
377026.0  38.1976  38.1375  10.0
373515.0  38.0757  38.1756  7.345
358370.0  38.1736  38.1714  10.0
348368.0  38.1343  38.2167  10.0
347605.0  37.8685  36.631  5.225
334145.0  36.9763  36.7009  10.0
332935.0  37.1885  36.8344  10.0
325212.0  38.0264  36.6096  10.0
322322.0  36.1764  35.7977  10.0
318858.0  38.0746  36.5194  10.0
297058.0  37.9551  37.7052  10.0
293090.0  37.2659  36.9198  11.669
291692.0  39.1974  40.1831  10.605
289761.0  38.0605  38.6406  12.373
283172.0  38.0799  36.5452  8.987
282273.0  37.9959  36.5936  5.435
280843.0  36.9565  36.6655  12.64
279137.0  37.8752  37.6589  14.944
274800.0  38.1849  38.1997  15.513
274012.0  38.0679  36.6086  8.594
271031.0  38.0951  38.4712  15.955
270046.0  37.9616  36.3641  10.0
268485.0  37.9889  38.5654  13.975
266841.0  36.8136  36.4252  10.0
260805.0  37.8831  37.7147  8.154
260439.0  38.4984  40.4216  8.839
256482.0  38.3957  39.284  14.83
253347.0  38.512  40.4236  13.017
249555.0  38.2135  38.1703  10.0
240872.0  38.1972  38.1247  10.0
239437.0  36.3313  36.0996  10.0
236865.0  38.0538  36.5596  10.0
235058.0  37.5096  37.116  10.0
229086.0  38.0244  37.1589  10.0
225144.0  37.821  36.599  1.485
222429.0  38.0391  36.953  10.0
221897.0  38.0396  38.5055  16.116
221087.0  38.0953  36.6525  11.674
219770.0  38.0015  37.4307  4.515
212062.0  38.8457  37.2766  10.0
209987.0  38.0802  36.8835  10.0
209186.0  37.9367  37.6179  3.53
208458.0  37.9368  37.6607  8.988
207765.0  38.0268  37.7704  10.0
205729.0  37.0457  37.0143  10.0
203677.0  38.0337  36.5009  10.0
201333.0  36.6565  36.5077  10.0
199682.0  37.9346  37.7598  14.745
196258.0  37.9993  36.4734  10.0
194771.0  36.3294  36.2424  10.0
190286.0  36.2177  36.2025  10.0
190260.0  37.9558  38.313  10.0
189303.0  38.0593  36.7087  10.0
179008.0  37.0315  36.7208  10.0
178703.0  37.1601  36.6433  10.0
176858.0  37.8743  38.1258  10.0
168861.0  38.0835  37.1939  14.197
165327.0  35.9449  35.9074  10.0
163673.0  38.0992  36.5507  6.069
161420.0  38.0663  36.5541  12.635
160880.0  37.4201  36.9564  12.635
158632.0  37.8863  37.4652  10.0
153409.0  38.6088  39.97  10.0
150974.0  38.0923  36.953  0.729
150650.0  37.9094  42.8319  0.0
147394.0  37.8659  38.2929  26.793
147146.0  37.9617  36.6031  24.926
146176.0  37.9967  36.4421  6.866
145226.0  37.8968  37.6169  17.153
138679.0  38.0351  36.4807  8.309
137635.0  37.3122  37.1417  19.481
130747.0  36.0659  35.8787  10.0
125370.0  38.1924  38.2586  10.0
121136.0  37.8437  36.8362  10.0
119397.0  38.1343  38.1199  10.0
118839.0  38.0026  38.5474  10.0
112092.0  37.8817  37.5278  10.0
110209.0  36.5556  36.4398  10.0
108542.0  38.0311  37.5813  16.18
107621.0  38.0971  38.6398  9.063
106279.0  38.2378  37.5769  19.14
105799.0  38.0324  36.4486  5.95
101336.0  36.1531  36.3488  13.661
98669.0  36.7874  36.6255  10.0
97148.0  37.9045  37.4239  10.0
96624.0  37.6847  37.4092  10.0
96082.0  37.507  37.227  10.0
94766.0  36.2667  36.226  10.0
94347.0  37.7327  37.6237  10.0
93522.0  37.6089  37.3755  10.0
93338.0  37.7639  37.7309  10.0
93083.0  37.955  37.6397  10.0
92720.0  37.259  37.2349  10.0
92155.0  38.0387  36.5733  10.0
91803.0  35.9675  35.9852  10.0
91553.0  38.1044  36.9078  10.0
91289.0  38.6041  37.5154  15.268
90646.0  38.0263  37.5108  10.0
87415.0  37.4326  37.0521  10.0
87266.0  37.8198  36.5897  10.0
87104.0  38.0839  36.7587  10.0
86433.0  38.0398  36.4635  10.0
79900.0  35.6037  35.3598  10.855
76325.0  38.0525  36.4229  7.688
76124.0  37.8818  37.4134  14.262
75243.0  38.152  38.2301  14.999
74410.0  38.0372  36.6112  9.752
71864.0  38.072  37.034  10.235
71072.0  36.7444  36.4904  19.625
70586.0  37.8615  36.3995  10.0
70550.0  38.2114  38.2502  10.0
70088.0  36.1512  36.1819  10.0
69986.0  38.005  36.5835  10.0
69752.0  38.2636  37.9916  10.0
69617.0  37.2588  37.1017  10.0
68738.0  38.0875  38.6818  10.0
68197.0  37.995  36.5183  10.0
67680.0  37.9925  36.3278  10.0
66726.0  38.0943  36.6411  10.0
66162.0  38.0411  38.1815  3.951
65896.0  37.47  37.1512  10.0
65606.0  38.0639  37.3554  10.0
65247.0  37.8654  36.6695  10.0
64693.0  37.9837  36.3864  10.0
64497.0  38.0411  37.3398  10.0
63498.0  37.9638  38.1516  10.0
63224.0  36.9732  36.9234  10.0
63140.0  36.8613  36.8082  10.0
63075.0  38.2057  38.1357  15.582
60379.0  37.978  36.4468  10.0
60310.0  38.1202  36.5119  10.0
59355.0  38.0854  37.8589  10.0
58439.0  36.967  36.7482  10.0
58130.0  38.0896  36.7014  10.0
57867.0  38.1128  36.504  10.0
57253.0  37.9232  37.3396  10.0
56283.0  38.0975  37.4326  16.247
55555.0  37.9616  36.4753  10.0
54877.0  36.6111  36.4444  10.0
54545.0  38.0304  36.6206  10.0
54521.0  37.9847  36.9072  10.0
53349.0  38.0248  37.0728  10.0
51358.0  38.161  38.1869  8.774
50220.0  37.8679  37.7388  10.0
49213.0  37.9248  37.9099  10.0
48822.0  38.0912  38.4342  10.0
48263.0  38.1202  37.8325  10.0
47544.0  37.9949  36.5123  10.0
47409.0  36.7725  36.5341  10.0
46784.0  37.9517  37.3799  16.712
46357.0  37.8331  37.4605  16.453
46036.0  38.0339  36.5452  10.0
44837.0  37.9272  37.5076  17.336
44510.0  38.0166  37.7013  10.0
44085.0  38.726  38.445  15.303
44045.0  36.3959  36.3691  10.0
43467.0  38.0367  37.3789  10.761
43208.0  37.9951  36.3843  10.0
42988.0  37.8769  37.8935  16.594
42893.0  37.9077  36.5237  10.0
42862.0  38.0104  36.6564  10.0
42707.0  36.2061  36.2521  10.0
42610.0  37.9941  37.4183  17.1
42544.0  37.9553  37.261  17.86
42344.0  38.0086  37.4892  16.477
42164.0  38.1094  36.691  10.0
41827.0  37.8533  36.688  12.705
41427.0  38.0382  36.8659  13.923
40744.0  38.0025  38.1506  15.077
40629.0  38.0972  38.2339  14.471
39824.0  38.0621  36.4541  8.221
39374.0  37.9248  37.3761  17.77
38677.0  38.0546  36.5099  8.116
38463.0  38.0509  37.5686  15.351
38028.0  38.016  37.7225  16.818
37950.0  37.9721  36.3402  5.716
37327.0  38.0562  36.5829  10.0
37074.0  37.9417  37.351  17.733
36627.0  37.9321  38.246  13.126
35647.0  37.8888  37.346  18.871
35281.0  37.9231  36.6909  10.0
35042.0  37.8259  37.4436  13.77
34436.0  38.1236  38.0529  12.336
33504.0  38.0084  37.7505  10.0
32954.0  38.0302  37.9636  20.094
32835.0  38.0235  37.203  10.0
29923.0  37.448  36.866  10.0
29171.0  36.8868  36.4918  10.0
29006.0  37.7068  37.9839  10.0
27661.0  38.054  38.2569  15.265
27303.0  37.449  37.2334  10.0
24252.0  36.6629  36.477  10.0
23020.0  37.8608  38.086  10.0
21057.0  36.7072  36.6722  13.429
20243.0  37.6414  37.3835  10.0
18535.0  37.483  37.1811  10.0
18516.0  36.5684  36.0133  10.0
16697.0  37.9912  38.4376  16.542
15539.0  36.3185  36.2325  10.617
15229.0  38.1466  37.9304  10.0
14716.0  37.7548  37.9481  10.0
13457.0  37.7637  37.9099  20.234
13111.0  37.4609  37.1603  16.174
12623.0  36.7176  36.4733  10.0
12133.0  37.7907  37.4444  17.034
11629.0  36.3649  36.4413  10.0
11608.0  37.2919  36.8854  12.932
10872.0  38.1845  38.5342  16.416
10755.0  37.5236  37.2784  11.788
10603.0  38.1847  38.6102  9.958
10102.0  37.0844  36.9133  12.1
10061.0  37.7658  37.4588  10.0
10008.0  37.8315  37.3919  5.017
9645.0  36.6427  36.426  10.0
9456.0  37.3982  36.8946  10.0
9386.0  37.7604  37.4251  14.46
8894.0  38.1656  38.65  16.431
8634.0  37.2442  37.1335  15.704
8285.0  38.2368  38.5132  9.221
7946.0  37.0297  36.7506  10.0
7871.0  38.0773  38.5775  16.819
7616.0  37.9268  37.8357  5.884
7510.0  38.1446  38.558  12.514
7301.0  37.733  37.4257  10.0
7122.0  38.0715  38.4951  17.34
6877.0  37.5003  37.3267  3.572
6766.0  37.7127  37.8001  16.08
6431.0  38.1742  38.482  16.696
6284.0  37.9204  37.7822  10.0
6220.0  38.1475  38.435  14.043
5957.0  38.8063  38.8222  13.308
5786.0  36.7084  36.3519  10.0
5680.0  38.5461  40.4563  12.85
5173.0  36.8497  36.3895  10.0
4870.0  37.8697  38.3908  10.0
4637.0  37.0822  37.0363  10.0
4604.0  37.4941  37.2266  14.637
4554.0  38.1084  38.495  17.891
4474.0  37.5639  37.1467  17.393
4432.0  37.4137  36.8216  12.112
4269.0  37.4292  36.9502  8.01
3940.0  37.1816  36.9658  11.359
3826.0  37.4358  37.0658  14.349
3606.0  37.1024  36.7301  12.201
3515.0  37.4468  37.0449  10.0
3366.0  37.2863  36.8539  10.0
3254.0  37.9265  38.2237  16.711
3162.0  38.1562  38.5195  14.253
2929.0  37.9123  38.1388  10.0
2763.0  37.7712  37.9141  16.929
2651.0  37.3512  37.095  10.502
2624.0  37.7238  37.8026  16.202
2449.0  37.0302  36.6208  10.0
2287.0  37.2073  36.5988  10.0
2222.0  36.3603  36.1708  10.0
2049.0  37.4756  37.1578  7.445
1956.0  38.2291  38.7493  14.835
1838.0  37.9874  38.1051  10.0
1809.0  38.6055  40.5767  11.35
1421.0  37.9786  38.5121  14.415
1394.0  36.6696  36.4767  10.0
1133.0  36.9921  36.6832  10.0
641.0  37.1784  36.9468  10.708
556.0  37.2241  36.9749  10.0
0.0  37.2251  37.0209  10.0
